25931712348
34340277234
50916890519
59294496449
7702707183
16018576796
24273515181
32804641946
41059565843
49314621717
57692116333
6161638513
14354601028
22762839309
31171182362
39394937762
47711236442
56119383408
4434917788
12843028911
21251101677
29690184649
46266801782
54582789270
2929539743
11184481545
19531505705
27878890077
36286377844
52982310301
1451569471
9644475850
17954429844
26331372069
43027679424
51404251644
59690055183
8031990643
16371877888
24762137450
33107001730
41535876299
49753025681
58147525968
6456606124
14802546105
23148898035
31618376702
39904220341
48251046587
56536129246
4852689011
21548907240
30111191581
38273743468
54944412572
3352071465
20078924208
28332244438
36740465611
45118381146
53434151947
1718986965
10281433513
18462115097
26762758718
43562866625
51936564700
150772097
8459445685
16829296767
25170834268
33517783752
41863975062
58603489048
7091036245
15308171349
23591771592
31984226899
40385305258
48695062319
56999801977
5304585935
13706003400
22045337831
30350787241
38714167242
47084452528
55389773042
3881965652
12098278687
20424697296
28966974580
37153209628
45560840383
53845538871
2190978411
10536835395
18883453599
27351521330
35574573143
43890802490
52237800462
738105298
17467085072
25783267211
33945855253
42384933595
50823956699
59017074782
