25826261430
34171379653
42516413135
50861119898
59206016450
7550776437
15895993192
24243975049
32593080131
40938243851
49282918240
57627048507
5972071632
14316636466
22662119521
31006892721
39352727943
47697486642
56042801399
4388563584
12737211752
21083941144
29431753841
37779018998
46124109372
54468844868
2816945213
11163453302
19508763643
27855243580
36199912136
44545681032
52890738541
1239514919
9584406674
17930717380
26276049283
34621739015
42966563911
51311203900
59658320758
8004712933
16350569784
24696263787
33041205659
41385392261
49730052625
58074667834
6419094229
14765686150
23113040987
31457901775
39804037163
48148749345
56492962780
4837627028
13185289665
21530909095
29875967064
38220878923
46565262889
54910369617
3255521601
11601806529
19946985598
28292294522
36637048499
44983838855
53330439761
1675132827
10019999750
18364856303
26709710753
35055347774
43400613301
51745313936
94663656
8441939151
16786478797
25132894388
33479700035
41827123956
50173511983
58519413064
6864574221
15209436433
23556003695
31900975905
40245422063
48592346002
56936806640
5281894269
13626588678
21971495063
30315818006
38660342025
47005177165
55349859464
3695455576
12040425915
20385348027
28733940225
37080450854
45425918031
53771968617
2117977817
10463930886
18809557974
27159270832
35506136612
43852063322
52197351581
546422203
8893528117
17238108953
25584603132
33930106124
42274780894
50619612797
58964936983
